251,36
251,35
10,230
10,120
10,2
10,3
11,14
11,23
11,12
11,27
11,6
11,17
9,4
9,6
8,12
8,17
8,6
8,1
8,11
12,1
12,3
234,8
234,7
234,6
234,5
234,4
234,3
234,2
234,1
234,0
232,5
232,4
232,3
232,2
232,1
232,0
230,5
230,4
230,3
230,2
20,2
230,1
230,0
228,6
228,5
228,4
228,3
228,2
19,2
228,1
19,1
228,0
226,5
226,4
226,3
19,3
226,2
226,1
226,0
224,6
224,5
224,4
224,3
224,2
224,1
224,0
222,5
222,4
222,3
222,2
222,1
222,0
220,5
220,4
220,3
220,2
220,1
220,0
218,6
218,5
218,4
218,3
218,2
218,1
218,0
216,6
216,5
216,4
216,3
216,2
216,1
216,0
214,5
214,4
214,3
214,2
214,1
214,0
212,6
212,5
212,4
212,3
212,2
212,1
212,0
210,4
210,3
210,2
210,1
210,0
208,7
208,6
208,5
208,4
208,3
208,2
208,1
208,0
204,4
204,3
204,2
204,1
204,0
203,4
203,3
203,2
203,1
203,0
201,9
201,8
201,7
201,6
201,5
201,4
201,3
201,2
201,1
201,0
199,4
199,3
199,2
199,1
24,3
24,1
20,1
20,3
18,1
14,7
18,3
